9.5 9.8 9.9 9.6
8.3 8.5 8.0 8.3
9.0 8.8 8.5 8.7
9.8 9.5 9.5 9.9
9.0 8.2 8.4 8.7
9.5 9.0 9.5 9.7
8.2 8.8 7.9 8.6
8.5 8.0 7.9 7.7
8.6 9.3 8.9 8.8
7.1 8.0 7.2 6.9 
8.4 9.0 7.5 7.0 
8.2 7.8 6.8 7.0
8.0 8.6 9.0 9.2
9.3 8.7 8.2 8.8
7.0 8.8 7.3 7.7
6.2 7.5 6.5 6.9
8.6 7.9 7.6 8.3
8.3 7.9 7.8 7.3
6.5 6.9 7.1 7.4
8.8 8.5 9.0 9.3
9.5 9.5 9.8 9.1 
8.8 8.1 7.7 7.0 
7.9 6.9 8.0 7.0 
8.3 8.7 9.8 9.4 
8.2 8.8 8.9 8.8
8.5 8.0 7.9 7.7
7.1 8.0 7.2 6.9 
8.4 9.0 7.3 7.7
8.2 7.8 6.8 7.0 
8.0 8.6 9.0 9.2
8.2 8.8 9.0 9.3
7.0 8.8 6.8 7.0